     0.00000000     6.66030407
     1.00000000    13.27736664
     2.00000000    11.44700050
     3.00000000     9.57217693
     4.00000000     8.70013809
     5.00000000     5.41867065
     6.00000000    13.22883797
     7.00000000     8.84165859
     8.00000000     6.79794121
     9.00000000     7.02199316
    10.00000000    15.77087116
    11.00000000     4.51866674
    12.00000000     4.44701767
    13.00000000     4.82324839
    14.00000000     5.08231354
    15.00000000    15.50898266
    16.00000000   577.64257812
    17.00000000     3.13620257
    18.00000000     8.61136246
    19.00000000    11.62805557
    20.00000000    12.29308796
    21.00000000    16.24911308
    22.00000000     4.89883327
    23.00000000    13.92366409
    24.00000000     6.67333889
    25.00000000     7.65514755
    26.00000000     3.08252716
    27.00000000    12.89874554
    28.00000000     8.00697136
    29.00000000    10.06869507
    30.00000000     9.30178928
    31.00000000     8.13051987
    32.00000000     3.80535030
    33.00000000     3.43951178
    34.00000000    12.17049217
    35.00000000    11.96057034
    36.00000000     7.51321840
    37.00000000    11.37652111
    38.00000000     6.77683449
    39.00000000     1.44173265
    40.00000000     6.13999653
    41.00000000    14.12740517
    42.00000000     7.67685509
    43.00000000     6.76668072
    44.00000000    15.89884472
    45.00000000     1.21716666
    46.00000000    15.31252575
    47.00000000     8.38009453
    48.00000000   100.46030426
    49.00000000     2.12452459
    50.00000000     2.75941157
    51.00000000     2.91890478
    52.00000000    13.21019268
    53.00000000    10.80523491
    54.00000000     7.21725798
    55.00000000     6.97942591
    56.00000000     5.09844017
    57.00000000    15.48753262
    58.00000000    13.06514931
    59.00000000     6.41685724
    60.00000000    11.10184956
    61.00000000    12.24078083
    62.00000000     7.29582787
    63.00000000     2.72742724
    64.00000000    12.32358360
    65.00000000     8.88581181
    66.00000000     8.47555351
    67.00000000    16.20738983
    68.00000000     5.95494747
    69.00000000     4.25716448
    70.00000000     8.19268131
    71.00000000     7.34334517
    72.00000000     9.77363682
    73.00000000     4.68654585
    74.00000000     6.17782927
    75.00000000    11.80211544
    76.00000000     9.82078743
    77.00000000     6.74219418
    78.00000000     9.87378025
    79.00000000     1.43279922
    80.00000000    50.23916626
    81.00000000     7.13792992
    82.00000000    25.10475349
    83.00000000     4.20933819
    84.00000000    10.76484299
    85.00000000    14.94103241
    86.00000000    14.85261726
    87.00000000     1.26085532
    88.00000000     4.09568644
    89.00000000    11.26135159
    90.00000000     0.89724267
    91.00000000    20.46510124
    92.00000000     4.95098352
    93.00000000    10.38179111
    94.00000000     5.79853725
    95.00000000     3.91991711
    96.00000000    12.62480068
    97.00000000     3.20371222
    98.00000000    12.25153446
    99.00000000    12.57840443
   100.00000000     2.51546764
   101.00000000     5.31933403
   102.00000000     5.70891619
   103.00000000     7.41985703
   104.00000000    13.81264019
   105.00000000    17.14591789
   106.00000000     6.85937262
   107.00000000     9.14170837
   108.00000000     2.30554175
   109.00000000     9.59832191
   110.00000000     6.23142147
   111.00000000     3.26781082
   112.00000000    33.37163925
   113.00000000     5.03730631
   114.00000000     7.21726704
   115.00000000     2.89815450
   116.00000000     9.08236694
   117.00000000    10.83028889
   118.00000000    12.07846069
   119.00000000     5.15674543
   120.00000000    16.24317932
   121.00000000    11.36295891
   122.00000000    12.02540207
   123.00000000    12.75221825
   124.00000000    10.97508526
   125.00000000     5.76792908
   126.00000000    20.93278313
   127.00000000     1.28023410
   128.00000000    10.13202477
   129.00000000     4.64040518
   130.00000000    11.38469410
   131.00000000     3.34980607
   132.00000000     2.12309170
   133.00000000    12.90325260
   134.00000000    11.07509041
   135.00000000     5.40729523
   136.00000000     8.49127388
   137.00000000     6.65130472
   138.00000000     3.04749465
   139.00000000     7.08632040
   140.00000000     4.43952990
   141.00000000     7.45187283
   142.00000000     9.63692093
   143.00000000    12.09305096
   144.00000000    19.63758850
   145.00000000    11.30525398
   146.00000000    11.00197792
   147.00000000     8.70756054
   148.00000000     3.35375047
   149.00000000     8.76175404
   150.00000000     5.22833872
   151.00000000     7.76780510
   152.00000000    13.57933521
   153.00000000    11.74966717
   154.00000000     8.82484341
   155.00000000    14.48013115
   156.00000000     0.44099593
   157.00000000     4.80066872
   158.00000000     8.18543339
   159.00000000     2.29619789
   160.00000000     9.61838436
   161.00000000     7.53775883
   162.00000000     9.32324505
   163.00000000     2.77909040
   164.00000000     3.59507823
   165.00000000     3.86091566
   166.00000000     4.98113728
   167.00000000     4.82991028
   168.00000000     2.07348084
   169.00000000     5.14222813
   170.00000000     2.42463517
   171.00000000     4.81986380
   172.00000000    10.97715473
   173.00000000    11.32629681
   174.00000000     8.99925613
   175.00000000     7.49044132
   176.00000000     6.85063171
   177.00000000     3.49128246
   178.00000000     4.65028572
   179.00000000    10.72607613
   180.00000000     2.96899104
   181.00000000    19.67756844
   182.00000000     8.19851398
   183.00000000     6.34739256
   184.00000000    10.36161995
   185.00000000    12.85531044
   186.00000000     6.28507710
   187.00000000    11.19119263
   188.00000000     3.41561055
   189.00000000     8.38065529
   190.00000000     3.32631016
   191.00000000     8.38180828
   192.00000000     5.17078447
   193.00000000    10.66268253
   194.00000000     9.56361198
   195.00000000     5.30294228
   196.00000000    13.27816963
   197.00000000    14.03191853
   198.00000000     3.04480553
   199.00000000     9.73090935
   200.00000000     4.95835352
   201.00000000     6.35948658
   202.00000000     2.83416915
   203.00000000     7.47776699
   204.00000000     6.60089684
   205.00000000     3.76778984
   206.00000000    12.32174015
   207.00000000    10.19196701
   208.00000000    13.89373112
   209.00000000     9.37450600
   210.00000000    12.39756870
   211.00000000    16.42318726
   212.00000000    10.46650600
   213.00000000     9.89707947
   214.00000000     6.91594505
   215.00000000    12.78301525
   216.00000000     7.93026209
   217.00000000     0.36317697
   218.00000000    10.64459991
   219.00000000     8.22252083
   220.00000000     4.57284832
   221.00000000     4.66107655
   222.00000000     5.74507904
   223.00000000    11.22717381
   224.00000000     6.04401493
   225.00000000     8.16926956
   226.00000000     7.51886177
   227.00000000     4.23411846
   228.00000000    17.34178162
   229.00000000     4.03304863
   230.00000000     2.38025784
   231.00000000    12.28743649
   232.00000000    10.74780560
   233.00000000    10.93881512
   234.00000000     9.57677078
   235.00000000     9.29075336
   236.00000000    16.48378754
   237.00000000     2.10755634
   238.00000000    11.00407791
   239.00000000     3.80801082
   240.00000000     6.79698753
   241.00000000     5.43395329
   242.00000000     1.44025207
   243.00000000     7.71442318
   244.00000000     5.18912411
   245.00000000     7.43566132
   246.00000000    21.50544930
   247.00000000     4.32215118
   248.00000000    11.04021168
   249.00000000    14.36476326
   250.00000000     2.89074373
   251.00000000    16.29500580
   252.00000000     2.18460107
   253.00000000     5.59860706
   254.00000000     1.38034177
   255.00000000    11.38214111
   256.00000000     7.97938251
   257.00000000     7.57997274
   258.00000000    13.10346413
   259.00000000     5.94935703
   260.00000000    15.75199986
   261.00000000    12.93908882
   262.00000000     1.63874316
   263.00000000     5.71089125
   264.00000000     7.89598131
   265.00000000     2.09983945
   266.00000000     8.51179504
   267.00000000    10.13598537
   268.00000000     5.81523180
   269.00000000     9.61679649
   270.00000000    11.45314407
   271.00000000    12.19443417
   272.00000000    10.13819885
   273.00000000     8.43786430
   274.00000000     7.17181826
   275.00000000    10.32726765
   276.00000000     2.98350716
   277.00000000    17.00370789
   278.00000000     1.46329379
   279.00000000     6.04972601
   280.00000000     6.14978409
   281.00000000     7.82106686
   282.00000000     4.93780804
   283.00000000    19.70713806
   284.00000000     5.39155674
   285.00000000    11.34187031
   286.00000000     7.76037359
   287.00000000    10.91550827
   288.00000000     6.14169216
   289.00000000    12.89276791
   290.00000000    13.50256634
   291.00000000    14.01509953
   292.00000000     7.89738607
   293.00000000     4.17195559
   294.00000000    13.46228218
   295.00000000    12.28751469
   296.00000000     7.91170597
   297.00000000     5.11920166
   298.00000000     6.34103012
   299.00000000     5.13936710
   300.00000000     9.02404118
   301.00000000    10.54618168
   302.00000000     3.95539594
   303.00000000    11.85831261
   304.00000000    10.49285507
   305.00000000     3.69068408
   306.00000000    13.19564056
   307.00000000     6.73740053
   308.00000000     8.95584583
   309.00000000     6.10366440
   310.00000000     1.62190437
   311.00000000     7.13452053
   312.00000000     2.29803562
   313.00000000     7.39059210
   314.00000000     4.17809343
   315.00000000     3.66410875
   316.00000000     4.51646614
   317.00000000    12.41976452
   318.00000000     9.44188786
   319.00000000     5.09621572
   320.00000000     7.52687740
   321.00000000     2.31608367
   322.00000000    10.93997383
   323.00000000     6.59240341
   324.00000000    11.82263947
   325.00000000     8.48515129
   326.00000000     0.99893492
   327.00000000    10.77519226
   328.00000000    13.30111408
   329.00000000    10.61551285
   330.00000000    10.92958546
   331.00000000     6.78239393
   332.00000000     4.15571594
   333.00000000     4.87336969
   334.00000000     6.13290548
   335.00000000    14.03123760
   336.00000000    10.85966873
   337.00000000     2.97664952
   338.00000000     4.79492855
   339.00000000     5.95456362
   340.00000000     6.87765455
   341.00000000    16.13364029
   342.00000000     3.58357430
   343.00000000    15.79602718
   344.00000000     9.89252186
   345.00000000     7.78339481
   346.00000000     8.56210423
   347.00000000     6.82492733
   348.00000000    17.03897667
   349.00000000    15.26176834
   350.00000000     7.01931238
   351.00000000     8.35745239
   352.00000000    15.14616585
   353.00000000    13.36971951
   354.00000000     3.75697756
   355.00000000     8.01069450
   356.00000000     7.33147144
   357.00000000    10.17081642
   358.00000000     9.78219604
   359.00000000     5.87341166
   360.00000000     5.88746786
   361.00000000     4.74348783
   362.00000000     2.89431286
   363.00000000     6.39361143
   364.00000000    12.82037067
   365.00000000    10.55713558
   366.00000000     9.82977676
   367.00000000     9.71279430
   368.00000000     9.76247501
   369.00000000    10.39631081
   370.00000000    12.41622734
   371.00000000     3.68216372
   372.00000000     7.57498598
   373.00000000     6.15953493
   374.00000000     6.27212572
   375.00000000    11.82623100
   376.00000000    11.61277580
   377.00000000    10.77822781
   378.00000000    11.77661610
   379.00000000     8.83597851
   380.00000000    12.43273449
   381.00000000    12.49290752
   382.00000000     3.04674053
   383.00000000     7.04875755
   384.00000000     0.64651346
   385.00000000    16.14036179
   386.00000000     3.98844385
   387.00000000     9.04769325
   388.00000000     5.30592871
   389.00000000     0.47120509
   390.00000000    10.82305527
   391.00000000     9.91112328
   392.00000000    10.38196373
   393.00000000    10.92686749
   394.00000000    10.91243362
   395.00000000     6.84528351
   396.00000000    12.31766891
   397.00000000    10.26141548
   398.00000000     5.53790426
